function [CLw,CDw,Cmw] = aerodynamics(aa,df)

%% CL Data
CLvsAOA = [% aa_df0     CL
            -180.268	0.003
            -169.554	0.714
            -159.911	0.691
            -150.000	0.738
            -140.089	0.742
            -129.911	0.673
            -120.144	0.554
            -110.007	0.385
            -100.050	0.199
            -90.003	    0.000
            -79.866	    -0.203
            -69.999	    -0.386
            -59.952	    -0.547
            -49.995	    -0.666
            -39.768	    -0.734
            -29.811	    -0.718
            -20.033	    -0.678
            -10.255	    -0.704
            0.061	    0.003
            10.735	    0.712
            20.154	    0.691
            30.112	    0.733
            40.248	    0.743
            50.116	    0.674
            60.073	    0.552
            70.030	    0.387
            80.077	    0.201
            90.124	    0.003
            100.171	    -0.198
            110.128	    -0.387
            120.086	    -0.544
            130.043	    -0.664
            140.090	    -0.735
            150.137	    -0.721
            160.184	    -0.680
            169.872	    -0.703
            179.965	    0.005
    ];

CLvsAOA_max = [% aa_dfmax     CL
            -180.067	0.537
            -173.177	0.950
            -170.271	0.950
            -160.045	0.755
            -155.093	0.678
            -150.141	0.671
            -139.915	0.602
            -130.011	0.487
            -120.108	0.333
            -109.989	0.157
            -100.086	-0.027
            -89.967	    -0.211
            -80.064	    -0.382
            -70.053	    -0.527
            -59.934	    -0.631
            -50.031	    -0.677
            -39.912	    -0.640
            -29.793	    -0.512
            -23.873	    -0.389
            -19.890	    -0.384
            -16.122	    -0.365
            -9.986	    -0.120
            -0.083	    0.522
            7.129	    0.951
            10.466	    0.966
            21.661	    0.792
            25.106	    0.758
            29.950	    0.751
            40.069	    0.669
            50.188	    0.534
            59.876	    0.366
            70.210	    0.162
            80.221	    -0.040
            90.232	    -0.245
            100.243	    -0.434
            110.146	    -0.594
            120.157	    -0.701
            130.061	    -0.755
            140.287	    -0.714
            150.191	    -0.573
            154.604	    -0.467
            158.049	    -0.417
            162.247	    -0.397
            166.230	    -0.317
            170.428	    -0.118
            180.224	    0.534
    ];

CLvsAOA_min = [% aa_dfmin     CL
            -180.067	-0.514
            -169.733	0.157
            -166.073	0.335
            -162.305	0.407
            -158.322	0.417
            -154.662	0.469
            -150.249	0.576
            -146.158	0.652
            -140.022	0.725
            -133.671	0.762
            -130.227	0.762
            -125.167	0.747
            -120.108	0.710
            -114.941	0.658
            -109.989	0.591
            -100.086	0.433
            -89.967	    0.242
            -79.956	    0.038
            -69.945	    -0.168
            -60.042	    -0.360
            -49.923	    -0.531
            -40.020	    -0.657
            -34.960	    -0.705
            -29.793	    -0.742
            -25.272	    -0.752
            -19.782	    -0.813
            -10.848	    -0.958
            -7.188	    -0.948
            10.359	    0.151
            0.240	    -0.514
            14.234	    0.333
            18.002	    0.394
            21.661	    0.394
            25.429	    0.428
            28.874	    0.502
            32.641	    0.567
            37.808	    0.634
            44.482	    0.678
            51.910	    0.682
            60.199	    0.634
            70.317	    0.522
            80.113	    0.383
            90.340	    0.203
            100.135	    0.025
            110.146	    -0.157
            120.157	    -0.328
            130.276	    -0.482
            140.180	    -0.596
            150.191	    -0.662
            155.142	    -0.672
            158.910	    -0.720
            169.352	    -0.937
            173.011	    -0.945
            176.348	    -0.778
            180.331	    -0.521
    ];

% -------------------------------------------
%% CD Data
CDvsAOA = [% aa_df0     CD
            -180.156	0.114
            -176.478	0.128
            -172.980	0.171
            -169.392	0.247
            -165.714	0.289
            -162.215	0.331
            -158.268	0.370
            -154.949	0.422
            -147.594	0.563
            -140.148	0.704
            -133.151	0.831
            -125.975	0.944
            -118.619	1.041
            -111.532	1.109
            -104.446	1.170
            -93.591	    1.213
            -82.737	    1.196
            -71.883	    1.137
            -61.118	    1.029
            -50.354	    0.880
            -39.589	    0.695
            -28.824	    0.489
            -21.558	    0.365
            -10.435	    0.244
            -6.936	    0.165
            -3.438	    0.125
            0.330	    0.110
            3.828	    0.128
            7.327	    0.170
            10.825	    0.246
            14.503	    0.289
            18.091	    0.331
            21.679	    0.368
            25.178	    0.419
            36.032	    0.633
            46.976	    0.829
            57.741	    0.996
            68.595	    1.117
            79.270	    1.190
            90.035	    1.211
            100.799	    1.185
            111.833	    1.106
            122.508	    0.986
            133.362	    0.821
            144.127	    0.628
            154.981	    0.419
            162.157	    0.328
            169.513	    0.249
            173.281	    0.171
            176.779	    0.124
            180.367	    0.110
    ];

CDvsAOA_max = [% aa_dfmax     CD
            -179.977	0.224
            -172.173	0.414
            -165.804	0.495
            -158.986	0.566
            -152.976	0.648
            -147.594	0.743
            -141.583	0.837
            -134.138	0.933
            -125.616	1.026
            -116.645	1.092
            -109.469	1.123
            -101.934	1.134
            -93.771	    1.120
            -85.966	    1.078
            -78.790	    1.023
            -69.461	    0.921
            -60.042	    0.787
            -48.829	    0.605
            -37.974	    0.416
            -27.748	    0.253
            -20.661	    0.195
            -17.252	    0.184
            -11.780	    0.153
            -7.475	    0.141
            -4.066	    0.161
            -0.747	    0.206
            3.200	    0.294
            6.071	    0.373
            7.327	    0.407
            10.646	    0.466
            20.693	    0.611
            27.151	    0.722
            33.072	    0.834
            40.966	    0.962
            49.936	    1.085
            57.023	    1.159
            64.648	    1.218
            71.914	    1.249
            80.167	    1.252
            87.523	    1.232
            94.968	    1.184
            101.158	    1.129
            108.424	    1.043
            118.740	    0.885
            128.787	    0.707
            134.887	    0.583
            143.050	    0.425
            151.123	    0.284
            154.981	    0.223
            158.210	    0.204
            163.682	    0.181
            170.679	    0.145
            174.985	    0.148
            180.188	    0.213
    ];

